[Window][DockSpaceViewport_11111111]
Pos=0,0
Size=2048,1088
Collapsed=0

[Window][Texture Preview]
Pos=1308,23
Size=701,265
Collapsed=0

[Window][Node Editor]
Pos=0,0
Size=751,1088
Collapsed=0
DockId=0x00000001,0

[Window][Debug##Default]
Pos=869,100
Size=400,400
Collapsed=0

[Docking][Data]
DockSpace   ID=0x8B93E3BD Window=0xA787BDB4 Pos=0,0 Size=2048,1088 Split=X
  DockNode  ID=0x00000001 Parent=0x8B93E3BD SizeRef=751,1088 Selected=0xAE98FAB7
  DockNode  ID=0x00000002 Parent=0x8B93E3BD SizeRef=1295,1088 CentralNode=1


[NoiseToolMeshNoisePreview][Settings]
tri_limit=35000000
frequency=0.005000
iso_surface=0.000000
heightmap_multiplier=100.000000
seed=1338
color=16777215
mesh_type=0
enabled=1

[NoiseToolNoiseTexture][Settings]
frequency=0.020000
seed=1337
gen_type=2
export_size=4096:4096

[NoiseToolNodeGraph][Settings]
grid_offset=-2.434082:363.091095
frequency=0.020000
seed=1337
gen_type=2

[NoiseToolNodeData][Node:8]
id=9
grid_pos=179.730682:-76.144073

[NoiseToolNodeData][Node:13]
variable=4
variable=1073741824
node=9
hybrid=0:0.500000
hybrid=0:0.000000
id=12
grid_pos=481.730804:-109.144073

[NoiseToolNodeData][Node:4]
variable=0
variable=1073741824
variable=0
variable=0
variable=0
variable=0
variable=0
variable=0
id=8
grid_pos=184.000000:240.999969

[NoiseToolNodeData][Node:25]
node=12
hybrid=8:0.000000
id=10
grid_pos=482.730743:303.855927
